Ten random 150 digit primes
656692050181897513638241554199181923922955921760928836766304161790553989228223793461834703506872747071705167995972707253940099469869516422893633357693
204616454475328391399619135615615385636808455963116802820729927402260635621645177248364272093977747839601125961863785073671961509749189348777945177811
641452276181854641108656711212426007392032535624286593352297230739655033308758795291525780661276052003446415402951276859305010843331485955731317776341
550260068503913816794775756748734957217525557101277352617939473192429642846467658900405045171852174534967724674742228789190327015236678532191013890529
583131835487211382864869404486578252043523081801125909471858006868782832566750509413463775974331289075956651335069566640737433078846977125660198697601
481771005726160896474733768194850858215460011981072890995785634836450544884821582740744524775771150682846683947122626400704738713943115881075765362233
291550339212810520584591717024643003222896524222464547399033563270236499245759688372706177143834849792024373534800701771810502419549113758796692666163
375558729886621567205449255384643401545510736101936314566046534513364279097663141755273454199533071264570131949667792104742749053406471675458926748329
422462939821987611668765003928357286531370604744014357581168779580028475979643188965993226794774506766569981531095464740448051585829856696356931372077
533791764536500962982816454877600313815808544134584704665367971790938714376754987723404131641943766815146845004667377003395107827504566198008424339207

Ten random 160 digit primes
5166566839092074458466334866571597694114460570387986357538048450432901440804868689337999823161841839689242893622491638917313351308387294478994745350551549126803
1081298104698286063813737967304568031406522676857739555339880517562925221530558524296599584286163751908713364829390795648074146197550782524900963175263757603219
3453221202185876906638629632175359499099670410652382616441386629981117932849225524689308950511055601388422752776562037360817653410867799137900072936906881621341
9379635662817322614032764342613018955177071738482024436203544111095204370743225356112956525567890031429756904091450073222354327129541982170431394374683183905361
5051274906171681915609732690658365816679515685799846683178436173836692151960702168161668828019540237543601958873479825452017776485422833955447384989249284184721
5322540848240629191790738444031509035347191367506640093778351221586257526250970342938004178185797187285021641998886132756315601193005759267241157022234467562219
1455092030073910097728935799403514951916017440761637615082797822300258672552113841248699383510679651371967303150469080892197381266011701672658746284897197497381
5606221897419357203717805716775608610818309221516900659695848705842741725747203626727997867908348514759500625526025583533605817877234533489367251260903607478353
5527520013513581326121882167187180752073463254277609911934750350965822023838543172229709244319844670433804038920304644097364765738975596420673642099039975011363
8726641590503419650325196619937603416439489172580927797921688450581350540574217626151578525827423033276197489219680752921410238881917731681447358498204217268973

Ten random 170 digit primes
27218343798190233889779431662111815254174074647423987223301820996324728298888643331463792254937414353096518304763345896749125106775048493507719412795029690510090142402163
23479698886588057849314652964503798247894914124551260174218648067666102051616418999379517315316310948034679067621031740436103067802280750009256267288057226668309143457227
37745683039627526420239498495450014901855006768892775749597403587571970429951577000073551065765218057239528311184736067680411048526187122288661901211789066482483802580969
25289360766441467649688504294463889446448599958369578031987146079083964767320568714708933904456399649486377191080905641924169884768743883883122555185485514190467624449551
24707159238131828525246120097499842650897794755532338306235565601244424543951799559126922000454067400268976841496109148609082939948473601049154232553757862489698258605853
11067896864151107888327210475457768522190748228130894643297732650458556828346322177345544084702872726772673298479414374934206448595620856513559764913452487779500078246341
32559552391090806972524986110685454429554861128146958282307580573550839559287659656080789996587490910999032609385668148399053113719642305511467653200258413635664259044077
21160656367574879904377656869692416560544398642776271862237616754494681129688319299114321001429667792412314306472092655735101612562676478693400212218038544113953364215017
61666372912245863887684510042656975220774126438327774649153997946400603024380560713336470674573893680427095868805106128483007129797880040347838399734458883689665738771401
22520791630081014306545990999020220523689680052125101178603056566514551635190288951159828824962298109931324011219424017108828829432592847283787324132656193740066883435727

Ten random 180 digit primes
278344420100310216738042441752470108332323908618219525487053710207384771998286597135290418719526702385178365896340210957041552257518693488098683242070746473230980005141419410511409
320736475415476717732845847804491817446796189216456349827613663809340822922694550151574791812248563125599721479222153825117457246563639563061051392846797489177980112851325768344559
142421590971309087406926930527203509136940618029846108794169863876683171607366571570400885831140555590135576733907110189937788062898855050894112651266072474307203583352058594056699
593386707196164010234957027152328419042268655361978864426901926544572190528234802779306531224367755063388901572628462922632051330287480604978716718812759319920068478420695386733977
539813721464880304831529082014022773775683060863538731923720954030918288330963319766918459920070168122735288577580167859459419843291482297756648680136952821437700382745720613744889
702859775508284030177919822558533006622440218103436237875100165464040768114702545328008730929739757973342358123790248243520711425000515624162703794316531258568583660237867578953203
589923621255019726527156285165428517384575357899722584047925764507589046990787480142415727801592836084346585615425741080198942707921115063808994265792045768353585364564118062957787
988024003287850859144419046035039824149244726706784277084869779315425892879684597047236357710409517227957670271186515606462572615012822834344038901575679797975183588867579172966813
138213346659325495152622898059934026500376715277553735568741631802223631560816340153124059134633703518065997351958412091563280756663245714418839097788427301498366707042110549313861
471205606356071374530123676066132028268795965340695231968997455114791533754710267882707803660862532294335641905789356930854538689737478965628971918765260914629519973512861866553639

Ten random 190 digit primes
5077461915617371651811593607389848534613910665160223569902404065418076795944656510340577164207672426574638345121648036693344561339868694500127046808526397857391514634557427341972391976756821
3643214290461749241398376492190485585384494258388704356737409156502890948489887688353135368121060124798243703432841307147301729071453564875847359568200406818058535340069409695144897237869317
4837500633209442055641398894165176677263201858612849667774338162796452956137875114054119135158253792745804801331435807680095292929070880966039245167637417105254552418199073193006899620258743
5064136420884335501689838367952088390096266110228352307574884705496445677489534139564287934932824628345958454364410762801533170309041049312348967102909660236959079889483131581136712490172401
4947086496071166703965587250769146731394104165275866303181215156028400564026120863996103770059401062730476737276710433726862730040272631518430581458702841125762611304768397806110371404797599
2555480246614015637242066218495468367958491958791520916609927980929585688386540022963356429758954681777165591120866518535295021508514987925230304828573354059077193219265153006831360318167711
6147641397250417452064510622317426991922141655515696005876029122575608297348771297503208386454555057912601512502968808491467996190208261151248935017610034239813017874230478567438939516320017
3729231811884409820753681077055613011460474576134694905553319621800309295745959102074992512763282727699369957535526308579436199715035503019092827130578496450550629794274344813564303318059743
6455677032078134615122923256047783642469165615329330252550539894033032422509072781300599341862693333305369588191523252516876513543095490001221889525858323800754356138220797092839047522855519
5026229637416821096651957347055990616313190018857502650953480553921800879342828248572616370546407789646201959941290047780315122634922833439742729257401674232444211439320664156608343988857391

Ten random 200 digit primes
58021664585639791181184025950440248398226136069516938232493687505822471836536824298822733710342250697739996825938232641940670857624514103125986134050997697160127301547995788468137887651823707102007839
29072553456409183479268752003825253455672839222789445223234915115682921921621182714164684048719891059149763352939888629001652768286998932224000980861127751097886364432307005283784155195197202827350411
41184172451867371867686906412307989908388177848827102865167949679167771021417488428983978626721272105583120243720400358313998904049755363682307706550788498535402989510396285940007396534556364659633739
54661163828798316406139641599131347203445399912295442826728168170210404446004717881354193865401223990331513412680314853190460368937597393179445867548835085746203514200061810259071519181681661892618329
71611195866368241734230315014260885890178941731009368469658803702463720956633120935294831101757574996161931982864195542669330457046568876289241536680683601749507786059442920003278263334056542642264651
28591045597720075832628274729885724490653298360003309382769144463123258670807750560985604954275365591715208615509779345682419533206637382048824349415329839450792353652240682445321955199147316594996133
49790921912819110019003521637763748399072771256062128988437189616228355821145834783451215869998723492323628198577054239101181556609916127864608488018093426129641387774385490891035446702272744866010729
15474811206486587193258690501682404626361341756658894201908294153626080782693777003022566996735796983239343580281979005677758015801189957392350213806122307985157041153484138150252828152419133170303749
12654646219963267405298825104551142450213038420566798208417393291567314379831789259173233506811083774527183953999862675239292185131178671317061020444490733287588383918793095608410078925861028249824377
40992408416096028179761232532587525402909285099086220133403920525409552083528606215439915948260875718893797824735118621138192569490840098061133066650255608065609253901288801302035441884878187944219033